9 0.388517 0.100971 0.092531 0.066019
9 0.385173 0.173786 0.081382 0.060194
9 0.384615 0.250485 0.086957 0.062136
0 0.433668 0.534951 0.084727 0.067961
0 0.443701 0.604854 0.095875 0.064078
0 0.464883 0.947573 0.091416 0.081553
2 0.419732 0.319417 0.090301 0.071845
3 0.426421 0.391262 0.096990 0.060194
4 0.428094 0.462136 0.091416 0.066019
10 0.444816 0.675728 0.078038 0.058252
10 0.448718 0.743689 0.076923 0.058252
19 0.673356 0.566990 0.091416 0.069903
20 0.667781 0.488350 0.086957 0.056311
21 0.657748 0.416505 0.082497 0.067961
21 0.655518 0.250485 0.091416 0.073786
22 0.662207 0.176699 0.089186 0.062136
23 0.667224 0.316505 0.083612 0.050485
