36 0.326661 0.316212 0.094631 0.070626
26 0.689263 0.403692 0.091902 0.072231
23 0.326661 0.151685 0.096451 0.065811
21 0.321656 0.394864 0.095541 0.067416
18 0.325751 0.233547 0.094631 0.069021
22 0.331665 0.720706 0.091902 0.077047
14 0.697452 0.243981 0.084622 0.073836
12 0.345769 0.898876 0.089172 0.073836
6 0.685168 0.325843 0.092812 0.070626
7 0.322111 0.633226 0.096451 0.072231
2 0.319381 0.555377 0.101911 0.073836
2 0.318926 0.476726 0.093722 0.070626
3 0.715196 0.167737 0.092812 0.069021
4 0.684713 0.556982 0.086442 0.064205
5 0.687443 0.634029 0.091902 0.067416
13 0.688808 0.481541 0.083712 0.060995
