23 0.636009 0.323301 0.092531 0.071845
22 0.629877 0.169903 0.089186 0.071845
21 0.625418 0.246602 0.091416 0.066019
21 0.629320 0.391262 0.088071 0.052427
20 0.639353 0.461165 0.083612 0.060194
19 0.628205 0.534951 0.092531 0.060194
10 0.406355 0.699029 0.096990 0.069903
10 0.416388 0.777670 0.090301 0.056311
9 0.337793 0.105825 0.084727 0.067961
9 0.342252 0.182524 0.084727 0.050485
9 0.345039 0.261165 0.088071 0.056311
4 0.392419 0.479612 0.082497 0.069903
3 0.385730 0.402913 0.084727 0.060194
2 0.381828 0.330097 0.090301 0.066019
0 0.396878 0.549515 0.086957 0.062136
0 0.405797 0.621359 0.091416 0.066019
0 0.428651 0.944660 0.090301 0.071845
