41 0.677258 0.372816 0.056856 0.077670
40 0.274805 0.392233 0.063545 0.097087
39 0.415273 0.378641 0.050167 0.089320
38 0.616499 0.372816 0.062430 0.085437
37 0.346711 0.377670 0.066890 0.087379
36 0.743590 0.370874 0.060201 0.073786
35 0.551282 0.374757 0.056856 0.077670
34 0.484392 0.377670 0.061315 0.083495
26 0.541806 0.607767 0.064660 0.093204
24 0.244147 0.642718 0.066890 0.097087
16 0.395206 0.623301 0.061315 0.085437
16 0.614270 0.607767 0.066890 0.097087
15 0.469342 0.618447 0.082497 0.099029
15 0.320513 0.629126 0.072464 0.093204
14 0.158305 0.648544 0.069119 0.097087
4 0.811594 0.585437 0.060201 0.087379
3 0.746377 0.599029 0.068004 0.087379
2 0.680045 0.606796 0.060201 0.099029
