41 0.264214 0.724272 0.062430 0.093204
40 0.723523 0.699029 0.060201 0.089320
38 0.326087 0.724272 0.056856 0.081553
36 0.790970 0.699029 0.065775 0.081553
35 0.857860 0.669903 0.059086 0.085437
27 0.695652 0.393204 0.064660 0.087379
27 0.493868 0.418447 0.069119 0.095146
29 0.458751 0.720388 0.059086 0.069903
22 0.360647 0.420388 0.059086 0.079612
21 0.525641 0.714563 0.056856 0.085437
17 0.591973 0.710680 0.057971 0.081553
16 0.767001 0.406796 0.060201 0.083495
14 0.178372 0.445631 0.066890 0.075728
14 0.628205 0.399029 0.056856 0.079612
9 0.561315 0.399029 0.052397 0.083495
8 0.295987 0.419417 0.063545 0.081553
5 0.393534 0.721359 0.057971 0.083495
2 0.426979 0.414563 0.062430 0.079612
1 0.656076 0.700971 0.061315 0.085437
