17 0.453177 0.930097 0.096990 0.077670
17 0.416388 0.596117 0.090301 0.069903
17 0.421405 0.530097 0.095875 0.066019
16 0.386288 0.230097 0.092531 0.071845
15 0.372910 0.151456 0.096990 0.073786
14 0.389075 0.070874 0.095875 0.067961
10 0.444816 0.742718 0.093645 0.056311
10 0.414716 0.670874 0.093645 0.060194
9 0.673913 0.386408 0.090301 0.069903
9 0.677815 0.454369 0.082497 0.058252
9 0.680045 0.526214 0.089186 0.058252
4 0.413043 0.457282 0.088071 0.067961
3 0.406355 0.378641 0.085842 0.066019
2 0.393534 0.309709 0.098105 0.071845
0 0.654404 0.163107 0.080268 0.066019
0 0.647157 0.235922 0.085842 0.067961
0 0.656633 0.314563 0.089186 0.066019
