1 0.769788 0.596117 0.054627 0.093204
3 0.561315 0.624272 0.061315 0.087379
6 0.487737 0.605825 0.061315 0.089320
7 0.418060 0.618447 0.066890 0.099029
10 0.370680 0.327184 0.063545 0.099029
15 0.630992 0.623301 0.071349 0.100971
20 0.123746 0.614563 0.066890 0.095146
21 0.230212 0.334951 0.061315 0.091262
22 0.508919 0.307767 0.068004 0.087379
23 0.159978 0.326214 0.068004 0.093204
22 0.701784 0.600971 0.063545 0.083495
9 0.199554 0.625243 0.062430 0.089320
23 0.916388 0.584466 0.066890 0.097087
30 0.440914 0.320388 0.061315 0.085437
30 0.343924 0.621359 0.059086 0.097087
28 0.272575 0.615534 0.061315 0.085437
33 0.578595 0.306796 0.069119 0.089320
39 0.298216 0.330097 0.065775 0.085437
