2 0.216106 0.321830 0.075523 0.091493
0 0.193358 0.584270 0.073703 0.086677
0 0.276615 0.560995 0.074613 0.101124
0 0.540491 0.315409 0.067334 0.085072
26 0.358508 0.581059 0.063694 0.099518
26 0.441765 0.571429 0.060965 0.099518
25 0.519563 0.565008 0.069154 0.096308
24 0.459054 0.332263 0.066424 0.096308
23 0.380346 0.339486 0.067334 0.088283
22 0.772066 0.596308 0.064604 0.094703
18 0.600546 0.585875 0.063694 0.096308
16 0.681074 0.594703 0.068244 0.101124
13 0.697452 0.285714 0.060965 0.096308
12 0.772066 0.270465 0.070064 0.094703
11 0.850773 0.280096 0.069154 0.104334
30 0.616015 0.298555 0.061874 0.083467
34 0.296633 0.312199 0.076433 0.091493
