35 0.635452 0.300971 0.082497 0.062136
34 0.623746 0.232039 0.083612 0.064078
27 0.604236 0.571845 0.086957 0.060194
27 0.607023 0.636893 0.081382 0.058252
27 0.601449 0.706796 0.081382 0.058252
8 0.609253 0.502913 0.083612 0.062136
8 0.620401 0.436893 0.081382 0.062136
8 0.622074 0.368932 0.080268 0.066019
7 0.431438 0.733010 0.089186 0.064078
6 0.434783 0.666990 0.089186 0.056311
5 0.434783 0.599029 0.089186 0.060194
4 0.434225 0.532039 0.076923 0.066019
3 0.428094 0.464078 0.082497 0.066019
2 0.434225 0.398058 0.076923 0.062136
1 0.436455 0.331068 0.081382 0.060194
1 0.428651 0.869903 0.090301 0.073786
0 0.434783 0.259223 0.078038 0.056311
0 0.434225 0.197087 0.072464 0.056311
0 0.434783 0.131068 0.075808 0.060194
