32 0.613155 0.178641 0.069119 0.069903
32 0.619287 0.248544 0.068004 0.058252
32 0.625418 0.326214 0.062430 0.069903
8 0.623746 0.400000 0.090301 0.073786
8 0.633779 0.470874 0.090301 0.071845
8 0.622631 0.548544 0.088071 0.075728
7 0.440357 0.769903 0.093645 0.064078
6 0.435897 0.695146 0.093645 0.069903
5 0.435897 0.611650 0.091416 0.069903
4 0.435340 0.535922 0.083612 0.066019
3 0.435340 0.462136 0.092531 0.062136
2 0.435340 0.391262 0.085842 0.067961
1 0.431996 0.316505 0.088071 0.069903
1 0.440357 0.918447 0.089186 0.093204
0 0.426421 0.242718 0.092531 0.062136
0 0.425864 0.169903 0.086957 0.064078
0 0.425864 0.101942 0.084727 0.060194
