41 0.258082 0.357282 0.070234 0.108738
39 0.494983 0.342718 0.078038 0.102913
34 0.588071 0.341748 0.079153 0.112621
23 0.551282 0.630097 0.063545 0.114563
22 0.638239 0.625243 0.068004 0.104854
21 0.716834 0.621359 0.057971 0.104854
21 0.892419 0.633010 0.072464 0.104854
13 0.148272 0.648544 0.066890 0.108738
12 0.231884 0.636893 0.066890 0.097087
4 0.337235 0.361165 0.070234 0.100971
3 0.418618 0.354369 0.063545 0.091262
0 0.317726 0.623301 0.071349 0.097087
0 0.392419 0.627184 0.073579 0.089320
0 0.472129 0.645631 0.065775 0.102913
