4 0.690173 0.248796 0.095541 0.073836
8 0.693813 0.510433 0.102821 0.080257
7 0.322111 0.531300 0.105551 0.077047
17 0.705187 0.592295 0.098271 0.070626
17 0.311647 0.619583 0.104641 0.077047
21 0.697907 0.420546 0.105551 0.073836
27 0.703822 0.677368 0.101001 0.073836
27 0.695177 0.333868 0.092812 0.077047
28 0.318471 0.440610 0.089172 0.075441
28 0.294813 0.925361 0.089172 0.078652
31 0.344404 0.354735 0.088262 0.083467
32 0.301638 0.711878 0.104641 0.078652
37 0.337125 0.264848 0.102821 0.083467
40 0.331210 0.177368 0.101911 0.088283
39 0.691538 0.164526 0.098271 0.072231
