7 0.500910 0.582665 0.064604 0.105939
8 0.651501 0.311396 0.078253 0.099518
8 0.827571 0.294543 0.080983 0.110754
9 0.740673 0.307384 0.078253 0.107544
11 0.397179 0.298555 0.073703 0.109149
15 0.568244 0.315409 0.073703 0.097913
18 0.327571 0.591493 0.070974 0.107544
18 0.588262 0.587480 0.073703 0.118780
23 0.753867 0.575441 0.073703 0.104334
24 0.242493 0.587480 0.075523 0.105939
26 0.418562 0.581059 0.074613 0.099518
29 0.228844 0.304976 0.075523 0.099518
29 0.313012 0.310594 0.070974 0.104334
27 0.838035 0.580257 0.072793 0.113965
30 0.671065 0.583467 0.075523 0.097913
35 0.485441 0.321027 0.080983 0.105939
