35 0.633758 0.434189 0.046406 0.065811
29 0.490446 0.453451 0.043676 0.052970
28 0.538672 0.451043 0.041856 0.051364
26 0.628753 0.639647 0.038217 0.075441
19 0.331665 0.630819 0.037307 0.064205
18 0.381711 0.634029 0.037307 0.057785
15 0.528662 0.641252 0.043676 0.059390
13 0.441310 0.457464 0.038217 0.064205
12 0.393995 0.465490 0.043676 0.060995
10 0.348044 0.470305 0.042766 0.057785
9 0.579618 0.637239 0.043676 0.060995
8 0.480892 0.627608 0.046406 0.060995
4 0.279800 0.634029 0.042766 0.064205
3 0.586442 0.448636 0.040946 0.056180
5 0.729299 0.633226 0.059145 0.094703
1 0.297088 0.466292 0.042766 0.059390
0 0.428571 0.631621 0.043676 0.056180
