0 0.672241 0.185437 0.089186 0.067961
0 0.654404 0.260194 0.089186 0.069903
0 0.645485 0.333981 0.093645 0.066019
2 0.406355 0.375728 0.092531 0.067961
3 0.404682 0.447573 0.093645 0.067961
4 0.406912 0.520388 0.082497 0.058252
10 0.418618 0.803883 0.096990 0.058252
10 0.434225 0.947573 0.094760 0.058252
19 0.419732 0.732039 0.092531 0.069903
20 0.413043 0.661165 0.092531 0.067961
21 0.410814 0.591262 0.096990 0.064078
22 0.392977 0.150485 0.096990 0.071845
21 0.394649 0.225243 0.093645 0.066019
23 0.399108 0.301942 0.091416 0.060194
9 0.649944 0.401942 0.091416 0.062136
9 0.660535 0.469903 0.079153 0.058252
9 0.665552 0.542718 0.080268 0.060194
