35 0.354868 0.334671 0.070974 0.091493
34 0.280710 0.330658 0.066424 0.096308
31 0.531392 0.569021 0.069154 0.094703
30 0.367607 0.574639 0.060055 0.093098
28 0.915833 0.286517 0.070064 0.085072
27 0.840309 0.304976 0.079163 0.086677
27 0.763876 0.313002 0.064604 0.083467
27 0.690628 0.333868 0.072793 0.086677
24 0.768881 0.557785 0.072793 0.097913
15 0.448135 0.572231 0.073703 0.091493
13 0.607370 0.569021 0.064604 0.088283
12 0.688808 0.567416 0.076433 0.101124
8 0.592357 0.339486 0.083712 0.088283
8 0.512739 0.342697 0.070064 0.088283
8 0.436306 0.335474 0.075523 0.083467
2 0.198362 0.337079 0.072793 0.083467
0 0.284349 0.583467 0.082803 0.094703
0 0.198817 0.591493 0.070064 0.094703
0 0.116924 0.594703 0.075523 0.097913
