9 0.543478 0.463107 0.090301 0.064078
9 0.536789 0.541748 0.085842 0.062136
9 0.529543 0.619417 0.089186 0.062136
10 0.539576 0.228155 0.095875 0.083495
11 0.541249 0.306796 0.090301 0.058252
12 0.551282 0.384466 0.094760 0.069903
12 0.301561 0.841748 0.096990 0.075728
13 0.333891 0.211650 0.096990 0.069903
14 0.331104 0.295146 0.098105 0.073786
15 0.337235 0.374757 0.090301 0.058252
16 0.337235 0.455340 0.099220 0.060194
17 0.332776 0.531068 0.101449 0.067961
17 0.341695 0.609709 0.103679 0.062136
17 0.336678 0.694175 0.102564 0.075728
29 0.530658 0.697087 0.089186 0.062136
29 0.528986 0.775728 0.081382 0.064078
29 0.527313 0.854369 0.089186 0.058252
