0 0.840580 0.614563 0.051282 0.048544
10 0.808250 0.544660 0.062430 0.056311
10 0.838350 0.504854 0.053512 0.042718
11 0.404682 0.049515 0.069119 0.056311
11 0.399108 0.108738 0.069119 0.046602
11 0.406912 0.165049 0.062430 0.050485
12 0.408584 0.222330 0.068004 0.056311
12 0.413043 0.282524 0.068004 0.048544
13 0.416945 0.333981 0.073579 0.050485
14 0.417503 0.389320 0.072464 0.048544
14 0.424749 0.443689 0.071349 0.048544
14 0.424749 0.503883 0.071349 0.048544
14 0.429766 0.553398 0.070234 0.046602
15 0.431996 0.607767 0.070234 0.046602
16 0.428094 0.663107 0.069119 0.052427
16 0.433110 0.715534 0.072464 0.048544
16 0.428094 0.765049 0.075808 0.046602
17 0.434225 0.824272 0.070234 0.044660
17 0.433110 0.877670 0.072464 0.050485
17 0.435340 0.967961 0.070234 0.060194
