40 0.141583 0.367961 0.060201 0.075728
38 0.529543 0.326214 0.062430 0.081553
37 0.593645 0.316505 0.065775 0.085437
35 0.069119 0.383495 0.069119 0.091262
27 0.380713 0.604854 0.063545 0.083495
27 0.243032 0.605825 0.066890 0.081553
26 0.511706 0.620388 0.049052 0.071845
25 0.314939 0.624272 0.061315 0.071845
23 0.178372 0.608738 0.049052 0.079612
22 0.034002 0.622330 0.059086 0.083495
17 0.447046 0.610680 0.060201 0.079612
15 0.341695 0.336893 0.061315 0.079612
15 0.467670 0.332039 0.059086 0.089320
16 0.408027 0.335922 0.060201 0.077670
13 0.574693 0.604854 0.054627 0.079612
12 0.639353 0.616505 0.052397 0.083495
5 0.104794 0.610680 0.060201 0.087379
4 0.206243 0.342718 0.069119 0.071845
3 0.277035 0.347573 0.061315 0.069903
0 0.698997 0.625243 0.051282 0.073786
0 0.885730 0.629126 0.054627 0.066019
0 0.764214 0.607767 0.056856 0.073786
