41 0.104236 0.349515 0.061315 0.093204
39 0.678372 0.344660 0.059086 0.087379
30 0.753066 0.580583 0.056856 0.085437
28 0.261984 0.611650 0.060201 0.089320
27 0.599777 0.338835 0.053512 0.087379
29 0.683946 0.580583 0.059086 0.085437
26 0.188406 0.593204 0.066890 0.091262
23 0.334448 0.609709 0.064660 0.097087
21 0.322742 0.352427 0.059086 0.091262
22 0.460424 0.341748 0.057971 0.081553
13 0.177815 0.343689 0.061315 0.085437
13 0.248606 0.341748 0.060201 0.085437
12 0.475474 0.604854 0.063545 0.079612
10 0.547380 0.603883 0.062430 0.081553
10 0.528986 0.342718 0.054627 0.079612
7 0.618729 0.589320 0.064660 0.087379
6 0.390747 0.352427 0.061315 0.095146
3 0.403567 0.601942 0.069119 0.093204
5 0.904125 0.564078 0.066890 0.091262
