0 0.691193 0.594175 0.073579 0.097087
1 0.397436 0.300000 0.061315 0.095146
3 0.161650 0.627184 0.062430 0.085437
4 0.238573 0.627184 0.064660 0.085437
4 0.394649 0.617476 0.069119 0.097087
5 0.546823 0.609709 0.063545 0.104854
7 0.544593 0.297087 0.061315 0.085437
9 0.759197 0.585437 0.053512 0.095146
6 0.892977 0.582524 0.071349 0.093204
15 0.469342 0.607767 0.073579 0.100971
15 0.168896 0.304854 0.072464 0.093204
22 0.320513 0.304854 0.063545 0.100971
23 0.473244 0.300000 0.063545 0.099029
32 0.614827 0.279612 0.061315 0.081553
32 0.617057 0.593204 0.059086 0.087379
27 0.317726 0.623301 0.066890 0.097087
41 0.248049 0.300971 0.070234 0.093204
