11 0.366778 0.097087 0.098105 0.066019
11 0.379041 0.333981 0.091416 0.069903
11 0.413043 0.562136 0.081382 0.064078
12 0.425307 0.637864 0.101449 0.071845
12 0.419175 0.782524 0.095875 0.069903
13 0.424749 0.710680 0.095875 0.069903
14 0.439799 0.907767 0.094760 0.079612
14 0.405797 0.485437 0.091416 0.073786
14 0.371237 0.180583 0.098105 0.069903
14 0.688963 0.109709 0.086957 0.071845
15 0.690635 0.182524 0.096990 0.062136
16 0.677815 0.262136 0.095875 0.069903
16 0.378484 0.256311 0.092531 0.066019
16 0.394091 0.409709 0.094760 0.066019
17 0.690635 0.338835 0.094760 0.064078
17 0.690078 0.411650 0.098105 0.062136
17 0.687848 0.491262 0.091416 0.062136
