0 0.267061 0.609149 0.048226 0.059390
0 0.314832 0.603531 0.045496 0.048154
0 0.363967 0.599518 0.041856 0.049759
2 0.312102 0.460674 0.043676 0.057785
8 0.450409 0.450241 0.041856 0.056180
8 0.494995 0.454254 0.045496 0.051364
8 0.542311 0.451043 0.045496 0.054575
12 0.604186 0.578652 0.041856 0.059390
13 0.559600 0.582665 0.043676 0.054575
15 0.461783 0.589888 0.046406 0.062600
24 0.651046 0.576244 0.040946 0.064205
27 0.595086 0.440610 0.047316 0.056180
27 0.640582 0.432584 0.038217 0.052970
27 0.684258 0.430177 0.043676 0.060995
28 0.726570 0.414125 0.039126 0.060995
30 0.414923 0.591493 0.045496 0.052970
31 0.508644 0.585072 0.043676 0.049759
34 0.357598 0.450241 0.043676 0.059390
35 0.404004 0.455056 0.041856 0.065811
