0 0.815496 0.625243 0.061315 0.085437
0 0.894649 0.607767 0.061315 0.069903
3 0.351171 0.322330 0.062430 0.081553
4 0.280936 0.321359 0.069119 0.079612
5 0.168896 0.614563 0.059086 0.087379
12 0.750279 0.624272 0.057971 0.095146
13 0.682274 0.605825 0.055741 0.089320
15 0.560201 0.301942 0.070234 0.087379
15 0.420847 0.306796 0.061315 0.081553
16 0.489967 0.310680 0.061315 0.089320
17 0.540691 0.607767 0.062430 0.081553
22 0.090858 0.622330 0.056856 0.095146
23 0.244147 0.612621 0.057971 0.083495
25 0.393534 0.627184 0.055741 0.093204
26 0.609810 0.619417 0.053512 0.089320
27 0.467670 0.601942 0.065775 0.085437
27 0.318283 0.610680 0.065775 0.075728
37 0.694537 0.282524 0.062430 0.095146
35 0.134894 0.364078 0.062430 0.079612
40 0.206243 0.348544 0.066890 0.091262
38 0.628763 0.293204 0.066890 0.089320
