0 0.377161 0.631621 0.066424 0.094703
1 0.161965 0.371589 0.060055 0.091493
3 0.622384 0.341091 0.067334 0.088283
4 0.139217 0.637239 0.061874 0.089888
5 0.856688 0.630016 0.079163 0.104334
8 0.456779 0.626003 0.074613 0.093098
9 0.612830 0.644462 0.068244 0.097913
10 0.242493 0.376404 0.064604 0.094703
12 0.318926 0.374799 0.070064 0.091493
13 0.394904 0.357945 0.067334 0.086677
15 0.535487 0.650080 0.064604 0.093098
18 0.299818 0.639647 0.066424 0.097913
19 0.216106 0.634029 0.059145 0.093098
26 0.689263 0.636437 0.068244 0.101124
28 0.548226 0.345907 0.070064 0.094703
29 0.470883 0.351525 0.066424 0.089888
35 0.696542 0.325843 0.075523 0.112360
