0 0.348941 0.580583 0.053512 0.077670
0 0.413601 0.594175 0.053512 0.069903
0 0.482720 0.583495 0.055741 0.075728
10 0.672241 0.589320 0.053512 0.083495
10 0.736901 0.586408 0.053512 0.077670
11 0.322185 0.361165 0.057971 0.073786
11 0.507246 0.351456 0.057971 0.066019
12 0.386845 0.347573 0.053512 0.069903
12 0.564103 0.337864 0.053512 0.081553
13 0.445931 0.357282 0.055741 0.073786
14 0.622631 0.341748 0.056856 0.073786
14 0.152731 0.566990 0.057971 0.073786
15 0.217949 0.573786 0.056856 0.079612
16 0.283166 0.580583 0.057971 0.085437
17 0.545151 0.582524 0.060201 0.073786
17 0.608696 0.580583 0.064660 0.077670
17 0.849498 0.591262 0.071349 0.083495
