28 0.279822 0.333010 0.066890 0.091262
29 0.264771 0.631068 0.068004 0.097087
29 0.431438 0.636893 0.066890 0.089320
27 0.513378 0.624272 0.068004 0.095146
36 0.516165 0.309709 0.075808 0.102913
38 0.594203 0.318447 0.071349 0.097087
39 0.439242 0.325243 0.069119 0.099029
41 0.666667 0.309709 0.071349 0.099029
14 0.890747 0.607767 0.066890 0.100971
14 0.676143 0.623301 0.079153 0.104854
16 0.589744 0.619417 0.071349 0.100971
9 0.750279 0.611650 0.057971 0.108738
6 0.197324 0.335922 0.084727 0.100971
5 0.359532 0.332039 0.070234 0.108738
5 0.348941 0.641748 0.075808 0.110680
5 0.178930 0.647573 0.065775 0.106796
