5 0.366242 0.564205 0.101001 0.065811
6 0.411738 0.886035 0.115560 0.077047
7 0.716561 0.308989 0.097361 0.065811
8 0.702912 0.158909 0.088262 0.073836
15 0.408553 0.166132 0.101911 0.075441
17 0.383530 0.329856 0.095541 0.069021
20 0.382621 0.639647 0.099181 0.072231
22 0.383076 0.488764 0.096451 0.075441
23 0.395814 0.249599 0.094631 0.072231
23 0.708826 0.237560 0.087352 0.067416
25 0.715196 0.387640 0.089172 0.062600
29 0.723385 0.462279 0.085532 0.064205
30 0.391720 0.722311 0.080983 0.073836
33 0.730664 0.538523 0.087352 0.065811
16 0.738854 0.613965 0.089172 0.069021
41 0.744768 0.686998 0.090082 0.067416
38 0.372157 0.407705 0.094631 0.067416
