35 0.598726 0.304976 0.087352 0.060995
34 0.588717 0.235152 0.080073 0.065811
27 0.580073 0.591493 0.079163 0.065811
27 0.582348 0.664526 0.081893 0.067416
27 0.576433 0.743981 0.080983 0.065811
32 0.390810 0.204655 0.084622 0.075441
32 0.393540 0.276083 0.088262 0.060995
32 0.390810 0.134029 0.082803 0.059390
8 0.584622 0.521669 0.084622 0.070626
8 0.592812 0.449438 0.088262 0.067416
8 0.601001 0.378010 0.077343 0.065811
7 0.395814 0.782504 0.092812 0.062600
6 0.398999 0.707865 0.091902 0.057785
5 0.397179 0.634831 0.088262 0.056180
4 0.393995 0.563403 0.081893 0.064205
3 0.392630 0.489567 0.080983 0.077047
2 0.394904 0.414928 0.081893 0.062600
1 0.398089 0.348315 0.086442 0.070626
1 0.395814 0.919743 0.094631 0.070626
