16 0.232484 0.382825 0.066424 0.088283
16 0.387170 0.633226 0.062784 0.091493
15 0.457689 0.327448 0.072793 0.089888
14 0.538672 0.327448 0.070974 0.093098
13 0.383985 0.341894 0.063694 0.099518
10 0.466788 0.635634 0.060055 0.099518
8 0.305732 0.644462 0.074613 0.107544
5 0.312102 0.379615 0.069154 0.094703
1 0.152411 0.393258 0.068244 0.096308
1 0.704732 0.638844 0.068244 0.105939
18 0.923112 0.626806 0.071884 0.101124
24 0.613285 0.325843 0.074613 0.102729
25 0.626024 0.637239 0.078253 0.096308
29 0.546406 0.630819 0.075523 0.096308
31 0.223840 0.645265 0.067334 0.093098
33 0.145132 0.636437 0.075523 0.091493
