35 0.593088 0.267961 0.095875 0.062136
34 0.593088 0.192233 0.093645 0.069903
32 0.588071 0.341748 0.090301 0.066019
32 0.600892 0.420388 0.082497 0.064078
8 0.591416 0.574757 0.092531 0.069903
32 0.582497 0.495146 0.092531 0.062136
8 0.599777 0.647573 0.089186 0.064078
8 0.589744 0.722330 0.080268 0.073786
7 0.389075 0.789320 0.100334 0.048544
6 0.388517 0.716505 0.092531 0.069903
5 0.389075 0.637864 0.086957 0.064078
4 0.387960 0.563107 0.073579 0.073786
3 0.390747 0.490291 0.079153 0.071845
2 0.387402 0.411650 0.088071 0.073786
1 0.386288 0.336893 0.090301 0.075728
1 0.386845 0.933010 0.084727 0.071845
0 0.379041 0.262136 0.082497 0.077670
0 0.381271 0.180583 0.082497 0.073786
0 0.380156 0.101942 0.080268 0.071845
