2 0.472247 0.398876 0.087352 0.062600
3 0.474977 0.472713 0.074613 0.052970
4 0.478617 0.543339 0.083712 0.059390
5 0.483621 0.617175 0.093722 0.056180
6 0.487261 0.691011 0.093722 0.059390
7 0.489081 0.763242 0.091902 0.059390
8 0.679254 0.332263 0.079163 0.067416
8 0.671975 0.404494 0.091902 0.067416
8 0.671065 0.479133 0.095541 0.069021
27 0.669245 0.553772 0.084622 0.067416
27 0.670610 0.701445 0.083712 0.064205
27 0.674704 0.626003 0.088262 0.070626
28 0.468608 0.314607 0.087352 0.067416
32 0.474977 0.233547 0.094631 0.059390
32 0.469063 0.157303 0.073703 0.060995
32 0.459509 0.087480 0.087352 0.056180
28 0.475432 0.930979 0.095541 0.089888
34 0.658781 0.180578 0.092812 0.072231
35 0.676524 0.256822 0.091902 0.064205
