29 0.551839 0.866990 0.075808 0.075728
29 0.555184 0.787379 0.082497 0.079612
29 0.556299 0.704854 0.073579 0.077670
17 0.363991 0.699029 0.108138 0.089320
17 0.364548 0.612621 0.102564 0.067961
17 0.357302 0.533010 0.101449 0.067961
16 0.362876 0.455340 0.096990 0.060194
15 0.370680 0.373786 0.103679 0.071845
14 0.363434 0.294175 0.107023 0.067961
13 0.364548 0.214563 0.107023 0.071845
12 0.325530 0.849515 0.109253 0.079612
12 0.579153 0.383495 0.094760 0.071845
11 0.576923 0.300971 0.092531 0.069903
10 0.573579 0.220388 0.101449 0.075728
9 0.573021 0.466019 0.086957 0.069903
9 0.570792 0.545631 0.086957 0.062136
9 0.561873 0.624272 0.084727 0.060194
