2 0.746934 0.588350 0.066890 0.093204
3 0.813266 0.576699 0.063545 0.104854
4 0.885173 0.582524 0.057971 0.085437
14 0.236901 0.666019 0.063545 0.097087
15 0.392419 0.642718 0.060201 0.085437
15 0.534002 0.624272 0.071349 0.095146
16 0.462096 0.633981 0.065775 0.110680
16 0.682274 0.594175 0.069119 0.100971
26 0.605909 0.600000 0.061315 0.093204
24 0.313266 0.645631 0.075808 0.099029
27 0.475474 0.365049 0.070234 0.104854
27 0.403567 0.366019 0.060201 0.087379
27 0.327759 0.370874 0.075808 0.085437
34 0.248049 0.372816 0.074693 0.097087
35 0.551839 0.357282 0.075808 0.104854
39 0.166667 0.380583 0.083612 0.104854
