40 0.219621 0.341748 0.066890 0.089320
23 0.499443 0.330097 0.066890 0.097087
22 0.358417 0.338835 0.059086 0.095146
20 0.297659 0.623301 0.062430 0.081553
19 0.228540 0.624272 0.060201 0.079612
18 0.158305 0.602913 0.060201 0.091262
15 0.289298 0.344660 0.063545 0.083495
7 0.567447 0.602913 0.057971 0.091262
6 0.632664 0.583495 0.056856 0.087379
4 0.434783 0.606796 0.064660 0.075728
4 0.767001 0.573786 0.060201 0.087379
3 0.703456 0.579612 0.062430 0.083495
3 0.503902 0.600000 0.062430 0.085437
2 0.365663 0.605825 0.064660 0.081553
1 0.421962 0.317476 0.065775 0.079612
13 0.907469 0.555340 0.062430 0.097087
