0 0.241918 0.624272 0.057971 0.083495
0 0.312709 0.620388 0.052397 0.075728
0 0.385730 0.604854 0.060201 0.071845
3 0.566332 0.328155 0.057971 0.069903
4 0.498328 0.338835 0.062430 0.071845
5 0.437012 0.347573 0.051282 0.073786
12 0.171683 0.625243 0.060201 0.081553
13 0.096433 0.629126 0.063545 0.081553
14 0.848941 0.571845 0.061315 0.102913
21 0.581940 0.580583 0.064660 0.085437
21 0.302118 0.353398 0.053512 0.069903
22 0.235229 0.379612 0.057971 0.083495
22 0.514493 0.585437 0.054627 0.083495
23 0.372352 0.361165 0.042363 0.089320
23 0.447603 0.598058 0.056856 0.085437
28 0.649944 0.574757 0.057971 0.089320
28 0.711260 0.560194 0.046823 0.075728
34 0.688406 0.318447 0.056856 0.093204
37 0.170569 0.405825 0.060201 0.085437
39 0.625418 0.319417 0.057971 0.091262
40 0.096990 0.417476 0.066890 0.085437
