9 0.573579 0.217476 0.090301 0.058252
9 0.574136 0.294175 0.091416 0.064078
9 0.569677 0.369903 0.093645 0.064078
10 0.386288 0.133010 0.088071 0.056311
11 0.387960 0.210680 0.086957 0.060194
12 0.396878 0.285437 0.082497 0.062136
12 0.386845 0.926214 0.102564 0.069903
13 0.399108 0.358252 0.086957 0.064078
14 0.396878 0.431068 0.082497 0.062136
15 0.405797 0.506796 0.086957 0.069903
16 0.404125 0.575728 0.081382 0.060194
17 0.404682 0.647573 0.093645 0.056311
17 0.409699 0.718447 0.081382 0.062136
17 0.413601 0.795146 0.089186 0.067961
29 0.573021 0.439806 0.078038 0.064078
29 0.573579 0.520388 0.072464 0.073786
29 0.581382 0.595146 0.072464 0.064078
