32 0.224750 0.427769 0.074613 0.088283
32 0.302093 0.414928 0.069154 0.081862
32 0.378526 0.420546 0.065514 0.086677
28 0.528662 0.414928 0.067334 0.081862
26 0.510464 0.609952 0.061874 0.089888
25 0.590082 0.617175 0.062784 0.094703
22 0.283439 0.603531 0.057325 0.093098
20 0.434941 0.619583 0.063694 0.093098
19 0.603276 0.404494 0.054595 0.093098
16 0.358508 0.617175 0.067334 0.091493
4 0.676979 0.404494 0.067334 0.093098
3 0.753412 0.399679 0.063694 0.089888
3 0.454049 0.427769 0.061874 0.075441
2 0.660601 0.615570 0.070974 0.091493
0 0.738399 0.607544 0.068244 0.091493
