1 0.585842 0.648544 0.045708 0.081553
2 0.453177 0.640777 0.059086 0.089320
3 0.798774 0.380583 0.061315 0.081553
7 0.721851 0.654369 0.054627 0.093204
9 0.389632 0.371845 0.059086 0.091262
10 0.322742 0.375728 0.056856 0.087379
11 0.143813 0.376699 0.066890 0.089320
15 0.517280 0.645631 0.060201 0.079612
12 0.789298 0.651456 0.060201 0.083495
23 0.726310 0.371845 0.056856 0.091262
26 0.591973 0.395146 0.057971 0.083495
27 0.522297 0.366990 0.056856 0.093204
29 0.659978 0.368932 0.066890 0.081553
30 0.454849 0.378641 0.064660 0.089320
30 0.256410 0.363107 0.060201 0.073786
31 0.384615 0.639806 0.062430 0.091262
33 0.318841 0.642718 0.060201 0.085437
28 0.651616 0.646602 0.052397 0.085437
