40 0.716834 0.377670 0.057971 0.087379
33 0.431438 0.633010 0.060201 0.089320
30 0.501672 0.641748 0.060201 0.079612
23 0.571349 0.636893 0.063545 0.081553
23 0.363434 0.638835 0.062430 0.085437
21 0.220178 0.644660 0.059086 0.089320
20 0.245262 0.381553 0.051282 0.083495
19 0.176700 0.374757 0.054627 0.089320
18 0.314939 0.378641 0.054627 0.081553
20 0.637681 0.637864 0.060201 0.087379
16 0.450390 0.378641 0.057971 0.085437
13 0.858417 0.616505 0.069119 0.095146
10 0.519509 0.365049 0.051282 0.085437
10 0.293200 0.641748 0.066890 0.091262
9 0.708473 0.626214 0.065775 0.095146
4 0.586399 0.372816 0.057971 0.093204
3 0.651616 0.380583 0.056856 0.081553
2 0.382386 0.374757 0.066890 0.077670
