33 0.660535 0.262136 0.088071 0.062136
33 0.659420 0.190291 0.085842 0.066019
33 0.654404 0.117476 0.093645 0.071845
32 0.452062 0.330097 0.083612 0.058252
32 0.448161 0.404854 0.084727 0.060194
32 0.431996 0.474757 0.088071 0.056311
31 0.428651 0.261165 0.083612 0.056311
31 0.418618 0.189320 0.085842 0.064078
31 0.415273 0.117476 0.088071 0.067961
30 0.464326 0.691262 0.083612 0.062136
30 0.467670 0.762136 0.083612 0.056311
30 0.488294 0.940777 0.095875 0.060194
28 0.448718 0.549515 0.085842 0.058252
28 0.467670 0.619417 0.083612 0.062136
27 0.663322 0.331068 0.075808 0.060194
27 0.664437 0.401942 0.089186 0.062136
27 0.661650 0.480583 0.083612 0.060194
