3 0.418618 0.650485 0.054627 0.081553
4 0.482720 0.643689 0.062430 0.079612
10 0.338907 0.433010 0.060201 0.077670
10 0.351728 0.658252 0.056856 0.085437
12 0.851728 0.608738 0.055741 0.083495
13 0.741360 0.610680 0.064660 0.075728
26 0.674470 0.615534 0.049052 0.077670
21 0.283166 0.654369 0.053512 0.093204
22 0.210702 0.675728 0.062430 0.089320
9 0.143255 0.668932 0.056856 0.079612
33 0.550167 0.633010 0.063545 0.077670
33 0.612598 0.628155 0.056856 0.083495
17 0.403567 0.424272 0.057971 0.079612
38 0.201226 0.433981 0.068004 0.091262
39 0.596433 0.430097 0.055741 0.083495
40 0.273690 0.431068 0.063545 0.081553
41 0.472129 0.424272 0.061315 0.079612
35 0.535674 0.423301 0.054627 0.081553
