29 0.594203 0.429126 0.080268 0.077670
29 0.602007 0.510680 0.078038 0.062136
29 0.599220 0.582524 0.081382 0.073786
17 0.429766 0.792233 0.092531 0.073786
17 0.428651 0.715534 0.096990 0.067961
17 0.420847 0.638835 0.092531 0.069903
16 0.423077 0.566019 0.092531 0.075728
15 0.422520 0.490291 0.095875 0.064078
14 0.415831 0.414563 0.089186 0.067961
13 0.414716 0.345631 0.084727 0.066019
12 0.410256 0.267961 0.093645 0.066019
12 0.404125 0.931068 0.101449 0.064078
11 0.404125 0.191262 0.094760 0.067961
10 0.404682 0.118447 0.093645 0.054369
9 0.590858 0.199029 0.084727 0.060194
9 0.591416 0.276699 0.081382 0.067961
9 0.588629 0.347573 0.082497 0.058252
