36 0.356187 0.761165 0.083612 0.066019
37 0.364548 0.690291 0.084727 0.056311
30 0.346154 0.558252 0.074693 0.056311
24 0.590301 0.781553 0.083612 0.060194
24 0.579710 0.306796 0.078038 0.050485
20 0.589186 0.437864 0.083612 0.056311
20 0.591973 0.570874 0.084727 0.046602
19 0.583055 0.370874 0.082497 0.066019
19 0.590301 0.712621 0.081382 0.058252
34 0.334448 0.429126 0.086957 0.062136
12 0.339465 0.488350 0.083612 0.052427
15 0.593645 0.856311 0.088071 0.077670
13 0.589744 0.641748 0.086957 0.056311
8 0.586399 0.504854 0.086957 0.066019
7 0.563545 0.160194 0.083612 0.064078
2 0.353400 0.624272 0.084727 0.064078
