34 0.272975 0.286517 0.067334 0.091493
33 0.426297 0.284912 0.068244 0.094703
28 0.349409 0.307384 0.067334 0.091493
30 0.806187 0.276083 0.060055 0.086677
26 0.248863 0.568218 0.062784 0.102729
24 0.721565 0.603531 0.061874 0.099518
23 0.644222 0.603531 0.067334 0.099518
20 0.500910 0.296950 0.060965 0.096308
7 0.168335 0.576244 0.065514 0.102729
5 0.566879 0.565811 0.056415 0.094703
4 0.488626 0.597111 0.063694 0.093098
4 0.654686 0.284109 0.062784 0.096308
3 0.577343 0.282504 0.062784 0.083467
2 0.191538 0.260032 0.070064 0.093098
2 0.332120 0.569021 0.072793 0.097913
2 0.411283 0.587480 0.070974 0.099518
0 0.729754 0.276886 0.067334 0.091493
