27 0.494995 0.534510 0.056415 0.041734
27 0.510464 0.582665 0.054595 0.038523
26 0.499090 0.481541 0.062784 0.038523
25 0.481802 0.434189 0.064604 0.040128
24 0.479072 0.379615 0.060965 0.046549
8 0.486806 0.327448 0.060055 0.048154
7 0.483167 0.275281 0.063694 0.043339
6 0.480892 0.220706 0.064604 0.046549
11 0.472702 0.060995 0.060965 0.054575
11 0.476797 0.114767 0.063694 0.043339
11 0.476342 0.166934 0.062784 0.044944
12 0.507734 0.636437 0.067334 0.046549
13 0.511829 0.688604 0.062784 0.044944
14 0.511374 0.741573 0.065514 0.048154
17 0.525933 0.792135 0.067334 0.046549
17 0.525023 0.845104 0.069154 0.052970
17 0.519563 0.945425 0.065514 0.051364
