18 0.619287 0.278641 0.081382 0.056311
18 0.624861 0.356311 0.072464 0.044660
18 0.629320 0.426214 0.083612 0.048544
19 0.383501 0.122330 0.082497 0.042718
20 0.387960 0.194175 0.089186 0.058252
21 0.385173 0.268932 0.090301 0.067961
22 0.386288 0.342718 0.090301 0.056311
23 0.389632 0.415534 0.083612 0.062136
24 0.395206 0.491262 0.088071 0.054369
25 0.404682 0.562136 0.089186 0.056311
25 0.416388 0.904854 0.090301 0.058252
26 0.406355 0.636893 0.088071 0.058252
26 0.410256 0.708738 0.086957 0.062136
26 0.413601 0.776699 0.084727 0.050485
27 0.632107 0.500000 0.080268 0.056311
27 0.633779 0.567961 0.083612 0.060194
27 0.635452 0.641748 0.073579 0.056311
