0 0.185061 0.596117 0.055741 0.069903
0 0.248049 0.616505 0.054627 0.060194
0 0.315496 0.607767 0.053512 0.066019
3 0.534560 0.342718 0.056856 0.067961
4 0.474916 0.349515 0.055741 0.066019
5 0.691193 0.593204 0.049052 0.075728
14 0.444259 0.592233 0.052397 0.081553
11 0.505574 0.591262 0.052397 0.083495
15 0.287625 0.366990 0.055741 0.073786
15 0.655518 0.335922 0.051282 0.077670
16 0.716834 0.336893 0.062430 0.067961
22 0.633779 0.595146 0.054627 0.087379
23 0.751394 0.586408 0.051282 0.073786
24 0.380713 0.596117 0.054627 0.077670
27 0.866778 0.578641 0.059086 0.073786
27 0.568562 0.591262 0.051282 0.079612
40 0.413043 0.357282 0.061315 0.081553
39 0.221851 0.359223 0.064660 0.077670
38 0.353400 0.366019 0.057971 0.083495
35 0.159978 0.365049 0.054627 0.081553
34 0.597547 0.333010 0.060201 0.079612
