35 0.263099 0.376699 0.053512 0.081553
38 0.652174 0.362136 0.055741 0.079612
40 0.715719 0.358252 0.064660 0.083495
39 0.330546 0.377670 0.059086 0.095146
32 0.554069 0.589320 0.055741 0.087379
31 0.627090 0.586408 0.056856 0.089320
31 0.692865 0.590291 0.056856 0.085437
26 0.459309 0.372816 0.051282 0.073786
22 0.146042 0.610680 0.053512 0.091262
21 0.423077 0.600000 0.052397 0.085437
17 0.394649 0.378641 0.062430 0.085437
13 0.522854 0.372816 0.051282 0.073786
12 0.589186 0.367961 0.059086 0.075728
10 0.196210 0.378641 0.057971 0.069903
9 0.080825 0.606796 0.059086 0.079612
9 0.215719 0.602913 0.050167 0.079612
9 0.354515 0.604854 0.053512 0.075728
10 0.489967 0.594175 0.054627 0.077670
6 0.906355 0.578641 0.082497 0.097087
1 0.759197 0.593204 0.064660 0.083495
6 0.284281 0.603883 0.057971 0.089320
