17 0.491639 0.955340 0.066890 0.058252
17 0.483835 0.864078 0.071349 0.046602
17 0.479933 0.811650 0.063545 0.054369
16 0.471572 0.758252 0.069119 0.048544
16 0.468227 0.708738 0.075808 0.050485
16 0.463768 0.656311 0.073579 0.050485
15 0.464883 0.600971 0.078038 0.060194
14 0.462653 0.543689 0.082497 0.050485
14 0.461538 0.491262 0.064660 0.054369
14 0.457079 0.433981 0.069119 0.056311
14 0.455964 0.382524 0.066890 0.046602
13 0.462096 0.328155 0.068004 0.054369
12 0.457637 0.269903 0.065775 0.046602
12 0.450948 0.215534 0.074693 0.062136
11 0.451505 0.159223 0.064660 0.058252
11 0.448718 0.098058 0.070234 0.056311
11 0.444816 0.039806 0.069119 0.052427
10 0.816054 0.476699 0.069119 0.044660
10 0.779264 0.526214 0.064660 0.046602
0 0.814381 0.584466 0.059086 0.050485
0 0.835006 0.433010 0.060201 0.054369
0 0.852843 0.387379 0.040134 0.048544
