33 0.664695 0.693419 0.084622 0.064205
29 0.351683 0.235152 0.084622 0.072231
27 0.666970 0.617978 0.085532 0.067416
24 0.349409 0.388443 0.089172 0.060995
22 0.369427 0.545746 0.092812 0.060995
21 0.396724 0.691814 0.087352 0.054575
20 0.635123 0.314607 0.092812 0.060995
19 0.401729 0.860353 0.097361 0.064205
10 0.656506 0.540128 0.095541 0.062600
9 0.619654 0.234350 0.083712 0.060995
9 0.619654 0.166132 0.090992 0.065811
7 0.667425 0.467897 0.095541 0.059390
4 0.357598 0.314607 0.080073 0.073836
0 0.377616 0.619583 0.076433 0.073836
30 0.363057 0.466292 0.090992 0.062600
30 0.652866 0.390048 0.084622 0.057785
