41 0.771460 0.259223 0.069119 0.099029
39 0.848384 0.270874 0.071349 0.102913
32 0.235229 0.633981 0.066890 0.091262
32 0.318283 0.614563 0.063545 0.091262
24 0.297101 0.270874 0.074693 0.102913
22 0.543478 0.295146 0.052397 0.104854
19 0.693423 0.271845 0.064660 0.097087
8 0.403567 0.611650 0.078038 0.097087
6 0.155518 0.638835 0.076923 0.112621
4 0.491081 0.628155 0.072464 0.102913
4 0.133222 0.295146 0.074693 0.089320
1 0.618172 0.283495 0.065775 0.097087
0 0.727982 0.609709 0.075808 0.100971
9 0.873467 0.604854 0.072464 0.102913
11 0.570234 0.609709 0.070234 0.093204
13 0.216834 0.288350 0.074693 0.099029
15 0.462653 0.293204 0.071349 0.093204
15 0.647715 0.615534 0.075808 0.100971
27 0.382386 0.281553 0.075808 0.104854
