27 0.673339 0.723917 0.070974 0.070626
31 0.687898 0.234350 0.078253 0.070626
26 0.348499 0.145265 0.092812 0.062600
25 0.387625 0.499197 0.083712 0.057785
23 0.368517 0.430979 0.085532 0.052970
21 0.359418 0.365971 0.087352 0.057785
18 0.356688 0.216693 0.090992 0.064205
17 0.390810 0.573836 0.090082 0.059390
13 0.659691 0.373997 0.083712 0.060995
12 0.665605 0.440610 0.079163 0.056180
11 0.682894 0.509631 0.080983 0.059390
14 0.675159 0.160514 0.085532 0.060995
24 0.681984 0.581059 0.084622 0.054575
12 0.393085 0.642055 0.081893 0.057785
11 0.381256 0.711878 0.087352 0.056180
11 0.393540 0.919743 0.084622 0.070626
6 0.380346 0.791332 0.092812 0.070626
6 0.356233 0.292135 0.080983 0.060995
2 0.676524 0.651685 0.082803 0.064205
9 0.677434 0.304976 0.082803 0.067416
