0 0.185623 0.569021 0.074613 0.091493
0 0.271156 0.567416 0.072793 0.107544
0 0.353048 0.568218 0.072793 0.099518
2 0.211101 0.374799 0.090992 0.091493
8 0.441765 0.328250 0.080983 0.094703
8 0.597361 0.316212 0.079163 0.102729
8 0.520018 0.327448 0.073703 0.096308
15 0.513194 0.575441 0.069154 0.101124
17 0.671975 0.291332 0.073703 0.104334
17 0.746588 0.272873 0.073703 0.105939
27 0.591902 0.570626 0.073703 0.117175
27 0.668790 0.578652 0.065514 0.120385
27 0.757052 0.569823 0.067334 0.121990
29 0.829390 0.272873 0.068244 0.105939
30 0.432211 0.575441 0.076433 0.104334
34 0.285259 0.339486 0.070064 0.097913
35 0.364422 0.348315 0.073703 0.121990
