31 0.418107 0.668539 0.064604 0.091493
37 0.378526 0.378010 0.067334 0.094703
36 0.307097 0.383628 0.068244 0.093098
39 0.736124 0.354735 0.074613 0.089888
32 0.225660 0.386838 0.072793 0.089888
21 0.567334 0.674960 0.068244 0.101124
14 0.491811 0.683788 0.070064 0.093098
13 0.265696 0.678973 0.060055 0.093098
12 0.191538 0.678973 0.062784 0.083467
9 0.340309 0.675762 0.061874 0.096308
7 0.660146 0.354735 0.066424 0.096308
6 0.587807 0.349920 0.063694 0.086677
5 0.520928 0.354735 0.062784 0.093098
4 0.450409 0.367576 0.069154 0.089888
4 0.722020 0.653291 0.082803 0.089888
21 0.882621 0.646870 0.078253 0.112360
27 0.641947 0.656501 0.068244 0.105939
