34 0.324386 0.372392 0.079163 0.109149
30 0.464968 0.651685 0.070974 0.102729
24 0.491811 0.361156 0.077343 0.102729
23 0.407643 0.365971 0.070974 0.099518
22 0.571884 0.344302 0.059145 0.101124
21 0.653776 0.366774 0.066424 0.101124
18 0.546406 0.654896 0.064604 0.105939
19 0.631028 0.657303 0.066424 0.101124
20 0.713376 0.659711 0.067334 0.099518
18 0.735214 0.351525 0.067334 0.089888
0 0.379436 0.650080 0.078253 0.096308
0 0.295723 0.655698 0.072793 0.081862
0 0.208371 0.654093 0.070974 0.088283
2 0.242948 0.378812 0.076433 0.099518
