6 0.656051 0.374799 0.105551 0.075441
7 0.654231 0.459069 0.103731 0.073836
8 0.656961 0.542536 0.105551 0.083467
11 0.653321 0.288925 0.092812 0.080257
11 0.654686 0.203852 0.091902 0.073836
11 0.657871 0.120385 0.098271 0.077047
12 0.338035 0.336276 0.099181 0.065811
13 0.339854 0.425361 0.102821 0.070626
14 0.346224 0.506421 0.104641 0.072231
17 0.376706 0.674157 0.111010 0.080257
17 0.364877 0.589888 0.109190 0.078652
17 0.383985 0.871589 0.101911 0.089888
24 0.651046 0.629213 0.101001 0.080257
25 0.681074 0.708668 0.097361 0.072231
26 0.666970 0.795345 0.094631 0.072231
27 0.321656 0.166934 0.095541 0.070626
27 0.328025 0.252809 0.088262 0.075441
