40 0.315496 0.409709 0.053512 0.085437
39 0.749721 0.336893 0.045708 0.083495
37 0.375697 0.395146 0.049052 0.075728
34 0.798216 0.341748 0.046823 0.081553
28 0.887960 0.546602 0.054627 0.075728
28 0.800446 0.551456 0.053512 0.069903
23 0.536789 0.366019 0.045708 0.075728
22 0.427536 0.379612 0.047938 0.079612
21 0.481605 0.363107 0.046823 0.077670
23 0.639353 0.569903 0.039019 0.083495
22 0.697882 0.560194 0.037904 0.067961
21 0.750836 0.561165 0.041249 0.069903
14 0.297659 0.562136 0.055741 0.079612
13 0.360089 0.567961 0.053512 0.071845
12 0.418060 0.594175 0.049052 0.073786
5 0.593088 0.357282 0.044593 0.081553
4 0.644370 0.356311 0.042363 0.067961
3 0.699554 0.351456 0.043478 0.062136
0 0.588629 0.564078 0.049052 0.064078
0 0.528428 0.559223 0.055741 0.073786
0 0.473244 0.563107 0.045708 0.073786
