17 0.682274 0.598058 0.060201 0.093204
17 0.547380 0.606796 0.066890 0.091262
16 0.400780 0.601942 0.056856 0.104854
14 0.168339 0.628155 0.078038 0.087379
15 0.325530 0.606796 0.066890 0.083495
14 0.773690 0.314563 0.069119 0.085437
13 0.577480 0.319417 0.060201 0.091262
12 0.512821 0.324272 0.062430 0.073786
12 0.709030 0.313592 0.055741 0.087379
11 0.642698 0.318447 0.063545 0.081553
11 0.442029 0.333010 0.063545 0.083495
27 0.367336 0.337864 0.061315 0.089320
27 0.295429 0.330097 0.069119 0.081553
27 0.223523 0.328155 0.061315 0.093204
33 0.750279 0.579612 0.062430 0.095146
33 0.814939 0.576699 0.057971 0.077670
26 0.474359 0.608738 0.061315 0.099029
25 0.616499 0.604854 0.066890 0.099029
24 0.248606 0.610680 0.062430 0.106796
