30 0.893995 0.601124 0.073703 0.097913
31 0.511374 0.617175 0.063694 0.085072
31 0.440855 0.605939 0.064604 0.085072
33 0.367152 0.622793 0.066424 0.099518
33 0.296633 0.636437 0.067334 0.091493
24 0.220655 0.630819 0.057325 0.093098
22 0.148772 0.638844 0.059145 0.089888
22 0.557780 0.328250 0.050955 0.081862
20 0.626024 0.318620 0.054595 0.088283
18 0.727025 0.608347 0.061874 0.093098
25 0.589172 0.613965 0.068244 0.094703
6 0.412648 0.337079 0.062784 0.093098
5 0.348954 0.332263 0.057325 0.089888
3 0.484076 0.331461 0.063694 0.081862
1 0.657871 0.624398 0.061874 0.096308
0 0.275705 0.341091 0.060055 0.078652
17 0.204732 0.339486 0.065514 0.085072
