33 0.557780 0.593900 0.061874 0.086677
30 0.657416 0.317817 0.066424 0.099518
27 0.376251 0.350722 0.066424 0.081862
24 0.261146 0.594703 0.069154 0.091493
22 0.626024 0.593098 0.056415 0.097913
21 0.302093 0.342697 0.063694 0.088283
20 0.767516 0.575441 0.068244 0.097913
19 0.516833 0.333868 0.063694 0.080257
15 0.728844 0.321830 0.067334 0.097913
11 0.449955 0.339486 0.064604 0.094703
10 0.587807 0.323435 0.054595 0.094703
5 0.695177 0.574639 0.063694 0.093098
4 0.482712 0.590690 0.066424 0.080257
0 0.405823 0.582665 0.067334 0.083467
0 0.334850 0.584270 0.067334 0.080257
