1 0.382621 0.650883 0.055505 0.085072
1 0.536397 0.632424 0.051865 0.099518
2 0.257507 0.324238 0.072793 0.096308
2 0.459509 0.638042 0.072793 0.088283
9 0.302093 0.638042 0.063694 0.088283
9 0.613285 0.642857 0.067334 0.091493
10 0.790264 0.299358 0.059145 0.094703
10 0.691083 0.652488 0.057325 0.101124
11 0.868062 0.295345 0.063694 0.089888
12 0.842584 0.646870 0.067334 0.089888
13 0.767971 0.670144 0.063694 0.097913
14 0.145587 0.646870 0.067334 0.096308
19 0.412648 0.329053 0.068244 0.096308
20 0.566424 0.338684 0.066424 0.093098
19 0.490446 0.332263 0.069154 0.096308
21 0.639672 0.335474 0.063694 0.096308
25 0.712921 0.324238 0.066424 0.099518
28 0.222020 0.645265 0.065514 0.093098
34 0.337125 0.325843 0.070064 0.089888
