30 0.759197 0.616505 0.062430 0.095146
37 0.340022 0.644660 0.062430 0.097087
7 0.413043 0.653398 0.050167 0.083495
34 0.615385 0.611650 0.064660 0.093204
26 0.544036 0.618447 0.046823 0.079612
25 0.480491 0.623301 0.057971 0.089320
25 0.415273 0.333981 0.052397 0.093204
26 0.484392 0.317476 0.061315 0.095146
20 0.843924 0.321359 0.062430 0.095146
18 0.772575 0.307767 0.057971 0.087379
18 0.702341 0.311650 0.066890 0.095146
21 0.626533 0.304854 0.069119 0.097087
20 0.556299 0.305825 0.053512 0.087379
19 0.343924 0.337864 0.061315 0.085437
18 0.172798 0.366019 0.073579 0.095146
12 0.686734 0.609709 0.060201 0.089320
