3 0.442586 0.633010 0.075808 0.100971
7 0.605909 0.619417 0.072464 0.100971
8 0.319955 0.320388 0.084727 0.108738
13 0.769231 0.619417 0.073579 0.100971
15 0.938127 0.607767 0.079153 0.120388
19 0.484950 0.299029 0.080268 0.112621
20 0.401338 0.313592 0.073579 0.106796
20 0.239688 0.339806 0.078038 0.108738
22 0.353400 0.640777 0.064660 0.116505
23 0.269231 0.660194 0.063545 0.108738
28 0.683389 0.619417 0.064660 0.097087
28 0.175028 0.657282 0.073579 0.099029
30 0.526198 0.629126 0.073579 0.093204
41 0.566332 0.308738 0.078038 0.100971
39 0.153289 0.318447 0.081382 0.104854
