28 0.190173 0.646870 0.069154 0.089888
30 0.552320 0.361958 0.070974 0.091493
41 0.183803 0.386035 0.070974 0.088283
33 0.503640 0.668539 0.071884 0.097913
40 0.707916 0.369181 0.078253 0.105939
38 0.629208 0.361958 0.071884 0.097913
26 0.732484 0.653291 0.065514 0.105939
23 0.482257 0.367576 0.069154 0.096308
23 0.332575 0.364366 0.062784 0.089888
16 0.428116 0.662921 0.066424 0.096308
15 0.259327 0.365971 0.067334 0.093098
13 0.655141 0.658106 0.069154 0.093098
12 0.408098 0.356340 0.055505 0.086677
11 0.581438 0.654093 0.065514 0.094703
7 0.929481 0.663724 0.075523 0.110754
7 0.114650 0.643660 0.078253 0.096308
6 0.270701 0.660514 0.060965 0.107544
2 0.350318 0.662119 0.072793 0.101124
