0 0.406912 0.092233 0.082497 0.067961
0 0.408027 0.172816 0.082497 0.062136
0 0.410814 0.248544 0.088071 0.073786
1 0.411371 0.323301 0.095875 0.060194
1 0.415273 0.926214 0.090301 0.054369
2 0.418618 0.404854 0.088071 0.075728
3 0.418618 0.481553 0.081382 0.062136
4 0.411929 0.555340 0.090301 0.062136
5 0.416388 0.630097 0.088071 0.064078
6 0.416945 0.706796 0.091416 0.066019
7 0.414158 0.783495 0.094760 0.060194
8 0.620959 0.563107 0.084727 0.073786
8 0.626533 0.635922 0.082497 0.071845
8 0.620401 0.716505 0.085842 0.077670
32 0.617614 0.334951 0.086957 0.071845
32 0.629877 0.408738 0.084727 0.064078
32 0.611483 0.480583 0.090301 0.064078
34 0.622631 0.178641 0.092531 0.073786
35 0.619844 0.257282 0.091416 0.067961
