0 0.333940 0.589085 0.061874 0.089888
0 0.410373 0.586677 0.061874 0.085072
4 0.481347 0.596308 0.065514 0.088283
5 0.699272 0.581862 0.062784 0.091493
10 0.588717 0.321830 0.054595 0.097913
11 0.450864 0.345907 0.059145 0.091493
15 0.731574 0.330658 0.065514 0.099518
19 0.520473 0.340289 0.060055 0.086677
20 0.771611 0.575441 0.060055 0.091493
21 0.306187 0.351525 0.062784 0.102729
22 0.627389 0.592295 0.057325 0.096308
24 0.259782 0.601124 0.064604 0.091493
27 0.378071 0.355538 0.073703 0.088283
30 0.661965 0.325843 0.062784 0.086677
33 0.556415 0.596308 0.066424 0.085072
