41 0.695652 0.282524 0.069119 0.091262
39 0.768116 0.284466 0.069119 0.095146
27 0.850613 0.534951 0.066890 0.099029
29 0.624861 0.274757 0.059086 0.079612
30 0.557414 0.274757 0.062430 0.099029
23 0.269788 0.305825 0.069119 0.095146
22 0.479376 0.598058 0.055741 0.100971
21 0.627090 0.591262 0.068004 0.095146
17 0.345039 0.298058 0.070234 0.095146
10 0.486622 0.282524 0.059086 0.087379
6 0.176143 0.619417 0.069119 0.100971
6 0.331104 0.607767 0.069119 0.093204
7 0.418060 0.286408 0.062430 0.095146
5 0.560758 0.592233 0.066890 0.100971
3 0.706243 0.588350 0.068004 0.089320
2 0.193423 0.305825 0.076923 0.102913
0 0.251394 0.607767 0.070234 0.089320
0 0.408027 0.604854 0.069119 0.083495
