27 0.651059 0.461165 0.080268 0.067961
27 0.657748 0.387379 0.069119 0.071845
27 0.654961 0.314563 0.072464 0.066019
28 0.442586 0.533010 0.080268 0.060194
28 0.459866 0.603883 0.068004 0.062136
30 0.455407 0.674757 0.076923 0.060194
30 0.453177 0.744660 0.076923 0.056311
30 0.469900 0.923301 0.074693 0.060194
32 0.420847 0.460194 0.088071 0.058252
32 0.436455 0.382524 0.088071 0.054369
32 0.443144 0.314563 0.076923 0.054369
31 0.421962 0.238835 0.083612 0.066019
31 0.410256 0.165049 0.095875 0.062136
31 0.406355 0.089320 0.090301 0.062136
33 0.649387 0.095146 0.090301 0.073786
33 0.654404 0.172816 0.091416 0.069903
33 0.652174 0.242718 0.084727 0.062136
