1 0.389445 0.346709 0.085532 0.054575
1 0.391720 0.930979 0.093722 0.057785
2 0.387625 0.422151 0.085532 0.060995
3 0.386715 0.494382 0.080073 0.060995
4 0.389900 0.566613 0.091902 0.051364
5 0.385805 0.638844 0.081893 0.060995
6 0.391720 0.715088 0.090082 0.062600
7 0.392630 0.791332 0.091902 0.060995
8 0.592812 0.380417 0.079163 0.070626
8 0.586442 0.451846 0.082803 0.062600
8 0.576433 0.525682 0.088262 0.065811
27 0.571884 0.600321 0.071884 0.067416
27 0.578253 0.672552 0.071884 0.064205
27 0.573248 0.746388 0.078253 0.064205
32 0.381711 0.136437 0.077343 0.064205
32 0.377161 0.206260 0.070064 0.056180
32 0.380346 0.276083 0.078253 0.054575
34 0.577343 0.238363 0.088262 0.072231
35 0.592357 0.308989 0.083712 0.065811
