27 0.433110 0.333981 0.090301 0.073786
27 0.433110 0.408738 0.079153 0.060194
27 0.426979 0.477670 0.082497 0.062136
28 0.448718 0.697087 0.072464 0.050485
28 0.457079 0.764078 0.073579 0.060194
30 0.433668 0.553398 0.080268 0.062136
30 0.437570 0.626214 0.076923 0.060194
30 0.465998 0.955340 0.086957 0.058252
31 0.661093 0.431068 0.084727 0.062136
31 0.663880 0.504854 0.092531 0.054369
31 0.668339 0.574757 0.079153 0.058252
32 0.420290 0.110680 0.084727 0.069903
32 0.420847 0.187379 0.090301 0.064078
32 0.432553 0.259223 0.086957 0.060194
33 0.663880 0.136893 0.083612 0.071845
33 0.668339 0.211650 0.088071 0.069903
33 0.669454 0.292233 0.092531 0.071845
