0 0.477703 0.368932 0.052397 0.073786
0 0.531773 0.343689 0.049052 0.077670
0 0.589186 0.339806 0.050167 0.077670
3 0.325530 0.605825 0.057971 0.081553
4 0.264214 0.602913 0.053512 0.071845
5 0.205686 0.606796 0.045708 0.083495
21 0.693423 0.598058 0.055741 0.089320
21 0.632107 0.603883 0.049052 0.085437
22 0.573579 0.600971 0.059086 0.083495
22 0.507804 0.603883 0.045708 0.085437
23 0.449275 0.599029 0.051282 0.083495
23 0.386845 0.602913 0.044593 0.079612
12 0.761427 0.334951 0.049052 0.075728
14 0.649944 0.345631 0.053512 0.077670
13 0.706800 0.356311 0.051282 0.067961
28 0.818841 0.600000 0.047938 0.073786
28 0.759755 0.589320 0.047938 0.075728
34 0.419175 0.369903 0.051282 0.095146
37 0.307135 0.390291 0.050167 0.077670
39 0.364548 0.367961 0.057971 0.087379
40 0.253623 0.387379 0.054627 0.075728
