0 0.423077 0.095146 0.090301 0.054369
0 0.427536 0.166990 0.079153 0.058252
0 0.425864 0.241748 0.078038 0.056311
1 0.429208 0.310680 0.093645 0.058252
2 0.433668 0.387379 0.093645 0.064078
1 0.440914 0.926214 0.108138 0.062136
3 0.435340 0.466019 0.094760 0.062136
4 0.429208 0.543689 0.098105 0.066019
5 0.434783 0.613592 0.091416 0.066019
6 0.438685 0.696117 0.090301 0.067961
7 0.435340 0.774757 0.099220 0.069903
8 0.627648 0.396117 0.082497 0.073786
8 0.635452 0.471845 0.086957 0.066019
8 0.623188 0.548544 0.089186 0.075728
32 0.612040 0.174757 0.093645 0.069903
32 0.624303 0.246602 0.078038 0.069903
32 0.623188 0.320388 0.084727 0.069903
