35 0.664240 0.266453 0.092812 0.067416
34 0.648772 0.190209 0.094631 0.065811
28 0.466788 0.927769 0.098271 0.073836
28 0.457234 0.322632 0.091902 0.067416
27 0.653321 0.556982 0.085532 0.067416
27 0.656961 0.628411 0.078253 0.062600
27 0.658326 0.704655 0.086442 0.060995
32 0.465423 0.239165 0.080983 0.073836
32 0.457689 0.168539 0.080073 0.051364
32 0.450409 0.097111 0.080073 0.059390
8 0.664695 0.339486 0.084622 0.075441
8 0.662875 0.411717 0.090082 0.065811
8 0.655596 0.486356 0.091902 0.070626
7 0.479527 0.764848 0.087352 0.056180
6 0.476797 0.692616 0.092812 0.075441
5 0.475887 0.620385 0.094631 0.075441
4 0.471338 0.545746 0.089172 0.060995
3 0.467243 0.476726 0.088262 0.064205
2 0.466788 0.404494 0.089172 0.060995
