0 0.439799 0.130097 0.072464 0.054369
0 0.440914 0.199029 0.074693 0.064078
0 0.438685 0.266019 0.070234 0.062136
1 0.444259 0.336893 0.088071 0.052427
1 0.445931 0.898058 0.089186 0.060194
2 0.442586 0.404854 0.084727 0.060194
3 0.440357 0.477670 0.075808 0.066019
4 0.439799 0.549515 0.076923 0.066019
5 0.445931 0.613592 0.086957 0.054369
6 0.444816 0.686408 0.084727 0.056311
7 0.446488 0.750485 0.085842 0.060194
8 0.637124 0.372816 0.081382 0.066019
8 0.635452 0.438835 0.086957 0.066019
8 0.626533 0.512621 0.084727 0.073786
27 0.617614 0.580583 0.082497 0.062136
27 0.623188 0.650485 0.080268 0.058252
27 0.620401 0.727184 0.072464 0.067961
34 0.635452 0.234951 0.093645 0.069903
35 0.648829 0.303883 0.086957 0.064078
