27 0.239130 0.355340 0.056856 0.069903
27 0.303790 0.363107 0.056856 0.077670
27 0.369565 0.364078 0.050167 0.079612
26 0.449275 0.614563 0.053512 0.099029
25 0.581382 0.609709 0.052397 0.081553
24 0.246377 0.609709 0.053512 0.089320
17 0.644928 0.611650 0.056856 0.089320
17 0.513935 0.607767 0.066890 0.077670
16 0.382943 0.606796 0.059086 0.083495
15 0.316054 0.608738 0.056856 0.083495
14 0.174470 0.623301 0.068004 0.089320
14 0.737458 0.345631 0.054627 0.081553
13 0.555741 0.352427 0.052397 0.079612
12 0.493868 0.355340 0.062430 0.073786
12 0.677815 0.346602 0.051282 0.083495
11 0.616499 0.356311 0.057971 0.083495
11 0.430881 0.364078 0.054627 0.079612
4 0.830546 0.571845 0.060201 0.079612
3 0.771460 0.587379 0.055741 0.079612
2 0.708473 0.597087 0.063545 0.083495
