0 0.266151 0.337079 0.059145 0.083467
1 0.647862 0.626806 0.063694 0.094703
3 0.477252 0.330658 0.064604 0.080257
5 0.338035 0.333868 0.062784 0.093098
6 0.404914 0.338684 0.061874 0.083467
17 0.192903 0.338684 0.069154 0.086677
18 0.717925 0.610754 0.065514 0.094703
20 0.613285 0.323435 0.060055 0.094703
22 0.546861 0.333066 0.065514 0.081862
22 0.140127 0.640449 0.061874 0.093098
24 0.212466 0.631621 0.055505 0.094703
25 0.576433 0.617175 0.062784 0.091493
31 0.502730 0.616372 0.062784 0.093098
31 0.431756 0.612360 0.062784 0.088283
33 0.287989 0.639647 0.068244 0.101124
33 0.358963 0.623596 0.066424 0.081862
30 0.884440 0.604334 0.061874 0.097913
