3 0.510919 0.314607 0.066424 0.093098
8 0.208826 0.310594 0.073703 0.101124
6 0.221565 0.589888 0.071884 0.101124
12 0.361692 0.313804 0.066424 0.091493
14 0.581893 0.299358 0.064604 0.085072
17 0.436306 0.318620 0.075523 0.097913
17 0.287989 0.318620 0.066424 0.094703
17 0.453139 0.596308 0.063694 0.094703
18 0.299818 0.589888 0.071884 0.091493
23 0.527753 0.589888 0.063694 0.097913
25 0.604186 0.581862 0.067334 0.088283
26 0.378526 0.597913 0.061874 0.097913
27 0.676069 0.584270 0.072793 0.093098
28 0.754777 0.562600 0.071884 0.097913
29 0.656506 0.286517 0.055505 0.081862
31 0.921292 0.565008 0.068244 0.099518
