27 0.423634 0.555340 0.062430 0.050485
27 0.422520 0.608738 0.062430 0.040777
27 0.423634 0.662136 0.062430 0.042718
28 0.446488 0.875728 0.065775 0.042718
28 0.453177 0.975728 0.072464 0.044660
30 0.426421 0.718447 0.059086 0.050485
30 0.429208 0.772816 0.057971 0.034951
30 0.433668 0.823301 0.055741 0.042718
31 0.397436 0.219417 0.061315 0.054369
31 0.404682 0.277670 0.060201 0.054369
31 0.407469 0.332039 0.059086 0.046602
32 0.413601 0.390291 0.057971 0.042718
32 0.414716 0.448544 0.055741 0.046602
32 0.421405 0.499029 0.055741 0.042718
33 0.398551 0.162136 0.065775 0.048544
33 0.395206 0.104854 0.068004 0.050485
33 0.401338 0.049515 0.066890 0.052427
18 0.842252 0.128155 0.050167 0.069903
